block	rep	device_us	host_wall_us
1	1	15.46	193.932
1	2	14.54	93.011
1	3	52.74	113.201
1	4	76.08	135.661
1	5	6.2	79.301
1	6	6.88	189.711
1	7	5.74	123.202
1	8	7.78	72.78
1	9	13.04	80.511
1	10	76.02	135.621
1	11	5.86	83.391
1	12	5.82	71.401
1	13	10.68	79.46
1	14	7.68	69.341
1	15	4.86	77.391
1	16	6.04	65.61
1	17	6.52	83.181
1	18	8.5	184.022
1	19	12.02	129.381
1	20	73.8	139.981
1	21	5.82	71.641
1	22	19.38	72.49
1	23	15.9	66.691
1	24	27.76	76.211
1	25	7.9	299.612
1	26	5.08	74.141
1	27	11.92	188.112
1	28	217.16	284.712
1	29	5.98	296.043
1	30	5.8	86.721
1	31	7.02	182.961
