# mode=same-binary-parent # device=7 main_owner=MAIN-1 route=MIX-A lease_id=M1-MIX-A-V007-D7-R3-20260927T075829Z lease_status=LEASED
# rows=1 width=256 dtype=0 warmups=45 samples_per_block=31 correctness_bad=0
metric	value
qualification_status	MEASUREMENT_PROTOCOL_BLOCKED_FOR_SHAPE
block1_mad_over_median	0.2660818578
block2_mad_over_median	0.1652892618
full_set_mad_over_median	0.2353982527
block_drift_ratio	0.3539822797
