block	rep	device_us	host_wall_us
1	1	120.78	270.103
1	2	7.98	216.193
1	3	8.18	259.194
1	4	22.28	120.401
1	5	9.18	112.462
1	6	195.86	284.584
1	7	8.02	256.904
1	8	161.52	249.893
1	9	6.54	205.373
1	10	7.2	207.453
1	11	7.18	114.222
1	12	7.78	182.172
1	13	169.9	246.294
1	14	7.78	254.594
1	15	157.46	242.643
1	16	6.76	272.364
1	17	6.56	274.194
1	18	7.2	186.082
1	19	6.74	179.043
1	20	91.76	171.672
1	21	6.88	131.892
1	22	6.68	197.353
1	23	7.4	134.352
1	24	6.86	189.463
1	25	7.22	112.831
1	26	92.38	165.343
1	27	17.96	144.462
1	28	6.36	210.493
1	29	6.88	152.842
1	30	7.52	132.502
1	31	6.8	107.751
1	32	6.74	194.072
1	33	9.64	210.253
1	34	6.56	196.613
1	35	6.7	200.063
1	36	6.54	211.573
1	37	6.7	197.793
1	38	6.66	243.413
1	39	6.84	241.713
1	40	6.4	225.654
1	41	155.22	222.133
2	1	363.18	548.738
2	2	7.48	177.083
2	3	7.64	250.293
2	4	8.1	248.073
2	5	6.72	218.493
2	6	6.54	292.894
2	7	76.72	147.522
2	8	22.02	104.152
2	9	56.9	117.312
2	10	6.82	100.391
2	11	22.48	101.632
2	12	7.06	243.593
2	13	6.86	107.982
2	14	20.5	102.881
2	15	6.86	212.193
2	16	7.96	131.512
2	17	7.26	314.254
2	18	24.94	108.132
2	19	6.58	120.322
2	20	7.14	119.801
2	21	7.5	239.664
2	22	7.66	292.654
2	23	6.82	264.024
2	24	6.74	221.813
2	25	6.66	302.954
2	26	6.86	316.494
2	27	6.66	271.823
2	28	6.62	233.164
2	29	6.78	301.224
2	30	6.92	290.464
2	31	6.78	269.344
2	32	6.9	306.394
2	33	7.04	276.704
2	34	6.5	268.144
2	35	6.72	272.984
2	36	6.44	267.703
2	37	7.22	270.474
2	38	6.96	264.034
2	39	7.1	271.184
2	40	6.14	266.754
2	41	6.94	253.433
