block	rep	device_us	host_wall_us
1	1	6.78	167.931
1	2	6.34	179.21
1	3	6.98	295.761
1	4	7	238.311
1	5	6.82	240.111
1	6	6.9	245.42
1	7	6.98	106.791
1	8	6.88	294.65
1	9	6.92	148.98
1	10	7.04	185.48
1	11	7.32	172.73
1	12	6.64	115.42
1	13	6.64	204.361
1	14	15	96.21
1	15	6.68	172.061
1	16	141.8	217.56
1	17	6.68	152.921
1	18	44.58	111.16
1	19	6.68	180.061
1	20	19.5	100.96
1	21	6.3	154.331
1	22	13.98	94.95
1	23	17.46	178.59
1	24	7.36	112.761
1	25	6.5	136.9
1	26	165.1	234.791
1	27	174.64	241.34
1	28	147.66	222.481
1	29	6.9	143.601
1	30	91.42	176.78
1	31	35.46	95.55
