block	rep	device_us	host_wall_us
1	1	254.04	359.896
1	2	142.9	217.538
1	3	6.26	119.718
1	4	5.96	142.659
1	5	6.04	113.739
1	6	6.26	146.438
1	7	6.04	133.569
1	8	6.08	139.328
1	9	6.1	117.639
1	10	6.36	145.979
1	11	48.1	101.409
1	12	6.08	161.818
1	13	6.02	111.869
1	14	6.48	142.148
1	15	6.34	120.899
1	16	6.3	140.739
1	17	6.34	118.078
1	18	6.14	137.979
1	19	6.3	120.909
1	20	6.2	133.348
1	21	6	119.209
1	22	6.6	124.329
1	23	6.12	134.108
1	24	6.56	120.699
1	25	6.12	130.639
1	26	6.16	120.839
1	27	6.12	130.658
1	28	6.44	117.629
1	29	6	130.579
1	30	6.34	148.488
1	31	6.12	133.999
1	32	6.12	118.479
1	33	5.96	135.088
1	34	6.24	114.169
1	35	5.84	138.789
1	36	6.12	115.388
1	37	6.12	140.599
1	38	6.48	113.939
1	39	6.18	164.688
1	40	7.96	212.788
1	41	94.12	167.628
