block	rep	device_us	host_wall_us
1	1	118132	118373
