block	rep	device_us	host_wall_us
1	1	238.72	381.103
