shape_index	role	pair	order	sample	device_us	wall_us
7	parent	0	SAME	0	9.060000	358.825000
7	parent	0	SAME	1	21.700000	534.740000
7	parent	0	SAME	2	487.360001	637.419000
7	parent	0	SAME	3	552.680016	677.003000
7	parent	0	SAME	4	12.460000	748.009000
7	parent	0	SAME	5	9.260000	374.210000
7	parent	0	SAME	6	10.840000	205.107000
7	parent	0	SAME	7	13.540000	219.362000
7	parent	0	SAME	8	14.200000	454.430000
7	parent	0	SAME	9	547.800004	686.677000
7	parent	0	SAME	10	553.900003	800.539000
7	parent	0	SAME	11	12.320000	508.040000
7	parent	0	SAME	12	17.340001	113.833000
7	parent	0	SAME	13	9.360000	294.600000
7	parent	0	SAME	14	8.820000	165.572000
7	parent	0	SAME	15	14.320000	212.090000
7	parent	0	SAME	16	9.680000	308.845000
7	parent	0	SAME	17	10.280000	363.645000
7	parent	0	SAME	18	16.080000	234.408000
7	parent	0	SAME	19	53.259999	369.679000
7	parent	0	SAME	20	355.040014	426.729000
7	parent	0	SAME	21	16.319999	109.701000
7	parent	0	SAME	22	10.780000	400.420000
7	parent	0	SAME	23	11.760000	443.476000
7	parent	0	SAME	24	11.560000	246.982000
7	parent	0	SAME	25	11.000000	216.181000
7	parent	0	SAME	26	9.320000	372.069000
7	parent	0	SAME	27	10.680000	124.167000
7	parent	0	SAME	28	11.960000	377.221000
7	parent	0	SAME	29	10.000000	114.423000
7	parent	0	SAME	30	9.060000	446.327000
7	parent	1	SAME	0	11.760000	370.549000
7	parent	1	SAME	1	10.360000	109.591000
7	parent	1	SAME	2	11.820000	333.475000
7	parent	1	SAME	3	13.080000	177.237000
7	parent	1	SAME	4	12.440000	249.133000
7	parent	1	SAME	5	231.779993	341.968000
7	parent	1	SAME	6	9.480000	135.251000
7	parent	1	SAME	7	10.480000	354.022000
7	parent	1	SAME	8	11.000000	120.615000
7	parent	1	SAME	9	9.300000	260.757000
7	parent	1	SAME	10	10.500000	138.112000
7	parent	1	SAME	11	9.600000	161.220000
7	parent	1	SAME	12	282.279998	336.046000
7	parent	1	SAME	13	8.620000	119.954000
7	parent	1	SAME	14	10.160000	310.216000
7	parent	1	SAME	15	49.759999	414.965000
7	parent	1	SAME	16	63.239999	182.988000
7	parent	1	SAME	17	8.720000	205.187000
7	parent	1	SAME	18	15.280000	138.602000
7	parent	1	SAME	19	9.220000	248.383000
7	parent	1	SAME	20	9.760000	223.504000
7	parent	1	SAME	21	13.740000	163.911000
7	parent	1	SAME	22	10.620000	315.038000
7	parent	1	SAME	23	17.759999	91.524000
7	parent	1	SAME	24	19.379999	370.628000
7	parent	1	SAME	25	9.620000	339.087000
7	parent	1	SAME	26	9.840000	187.100000
7	parent	1	SAME	27	9.380000	201.935000
7	parent	1	SAME	28	10.760000	282.005000
7	parent	1	SAME	29	9.500000	94.685000
7	parent	1	SAME	30	15.799999	281.415000
